
X        Y        RA               DEC              I             DI            Q             DQ            U             DU            P             DP            ANG           DANG          PI            DPI           AST           ID           
=======================================================================================================================================================================================================================================================

-1.5     -38.5    17:45:47.357     -29:01:59.50     318.688       2.45171       -3.72474      1.04219       7.4208        1.03425       2.60541       0.325654      58.3268       3.59032       8.30313       1.03585       1             1            
-0.5     -38.5    17:45:46.446     -29:01:59.50     198.723       3.04132       -9.73517      0.960537      2.81418       0.893047      5.09944       0.487114      81.9384       2.53984       10.1338       0.955502      1             2            
0.5      -38.5    17:45:45.528     -29:01:59.50     456.947       2.1374        -14.7245      0.855171      3.07398       0.712045      3.29185       0.186583      84.104        1.36858       15.042        0.849676      1             3            
1.5      -38.5    17:45:44.610     -29:01:59.50     707.049       1.38931       -5.06425      0.87558       -1.70717      0.915084      0.755854      0.124426      -80.6855      4.88412       5.34426       0.879692      1             4            
2.5      -38.5    17:45:43.698     -29:01:59.50     955.359       2.4358        -1.71866      0.725264      -7.83512      0.865159      0.839622      0.0899641     -51.186       2.61526       8.0214        0.859236      1             5            
3.5      -38.5    17:45:42.780     -29:01:59.50     1515.73       2.96619       1.57391       0.850419      -7.84785      0.759657      0.528068      0.0503734     -39.3298      3.03186       8.00412       0.763367      1             6            
4.5      -38.5    17:45:41.869     -29:01:59.50     1570.62       1.79177       9.18238       0.821537      -6.82901      0.628106      0.728593      0.0482894     -18.3192      1.76022       11.4434       0.758329      1             7            
5.5      -38.5    17:45:40.951     -29:01:59.50     1324.98       1.92511       5.92683       0.779891      -4.26714      0.913281      0.551189      0.0624854     -17.8764      3.41291       7.30314       0.82785       1             8            
6.5      -38.5    17:45:40.033     -29:01:59.50     1197.27       1.85366       -0.821656     0.772168      -2.67062      0.741153      0.233378      0.062133      -53.5506      7.88987       2.79416       0.743886      1             9            
7.5      -38.5    17:45:39.122     -29:01:59.49     840.575       3.05121       -0.813095     0.970917      2.34958       1.01578       0.295784      0.120289      54.5443       11.2437       2.48629       1.01108       1             10           
8.5      -38.5    17:45:38.204     -29:01:59.49     1031.41       4.584         -2.68483      0.74106       6.84435       0.878349      0.712823      0.083568      55.7093       2.9645        7.35211       0.861307      1             11           
9.5      -38.5    17:45:37.286     -29:01:59.49     1923.08       4.4608        -11.962       1.05754       5.1815        0.982122      0.677871      0.054414      78.2898       2.18533       13.036        1.04599       1             12           
10.5     -38.5    17:45:36.381     -29:01:59.49     1883.93       4.08933       -10.9777      0.573643      4.78188       0.968033      0.635584      0.034674      78.231        2.19293       11.9739       0.652716      1             13           
11.5     -38.5    17:45:35.463     -29:01:59.48     1321.85       1.66376       -8.06118      0.794696      4.3666        0.816983      0.693564      0.0605129     75.7782       2.53729       9.16787       0.799806      1             14           
12.5     -38.5    17:45:34.551     -29:01:59.48     962.328       1.84858       -3.61441      0.895755      -0.516291     0.50041       0.379403      0.0924425     -85.9354      4.01199       3.6511        0.889573      1             15           
13.5     -38.5    17:45:33.633     -29:01:59.48     506.636       1.65898       0.150064      0.686953      -4.17536      0.770114      0.824666      0.152009      -43.9708      4.71105       4.17805       0.770013      1             16           
14.5     -38.5    17:45:32.716     -29:01:59.46     187.653       2.01162       1.34076       0.916688      -0.756833     0.921843      0.820459      0.489245      -14.722       17.1297       1.53962       0.917936      1             17           
-1.5     -37.5    17:45:47.357     -29:01:47.50     363           2.91213       -7.01079      0.967238      9.60272       1.11571       3.27538       0.294956      63.0663       2.46083       11.8896       1.06643       1             18           
-0.5     -37.5    17:45:46.446     -29:01:47.50     314.99        2.07428       -9.76161      0.920705      6.678         0.994067      3.75481       0.300935      72.8118       2.35262       11.8273       0.944712      1             19           
0.5      -37.5    17:45:45.528     -29:01:47.50     433.906       1.71083       -8.36959      0.686949      4.27709       0.771983      2.16617       0.162794      76.4659       2.30168       9.39912       0.705399      1             20           
1.5      -37.5    17:45:44.610     -29:01:47.50     536.577       2.99873       2.10015       0.752939      7.88062       0.892855      1.51994       0.165016      37.5389       2.68019       8.15566       0.884262      1             21           
2.5      -37.5    17:45:43.698     -29:01:47.50     1094.16       1.90877       5.56765       0.761223      6.59369       0.947187      0.788725      0.0799453     24.9113       2.80049       8.62992       0.8746        1             22           
3.5      -37.5    17:45:42.780     -29:01:47.50     1748.08       5.59269       6.27252       0.772411      0.610573      0.923369      0.360519      0.0442901     2.77986       4.19146       6.30216       0.773965      1             23           
4.5      -37.5    17:45:41.869     -29:01:47.50     1477.04       2.59609       11.3267       0.731866      -1.99837      0.763244      0.778697      0.0496338     -5.00286      1.89875       11.5017       0.732833      1             24           
5.5      -37.5    17:45:40.951     -29:01:47.49     1037.86       2.69375       11.4902       1.07635       -0.733431     0.570235      1.10935       0.103597      -1.82615      1.42621       11.5135       1.07477       1             25           
6.5      -37.5    17:45:40.033     -29:01:47.49     878.431       2.08025       0.0250424     0.714441      2.29214       0.734555      0.260952      0.0836234     44.687        8.92879       2.29228       0.734553      1             26           
7.5      -37.5    17:45:39.122     -29:01:47.49     732.144       3.46405       -0.50861      0.780713      7.04647       1.01915       0.964947      0.139126      47.0642       3.17158       7.0648        1.01806       1             27           
8.5      -37.5    17:45:38.204     -29:01:47.49     1174.53       2.01365       -2.46895      0.842492      8.6779        0.622555      0.768159      0.0546453     52.9408       2.62925       9.02228       0.641641      1             28           
9.5      -37.5    17:45:37.286     -29:01:47.49     1624.46       2.85653       -10.6815      1.05121       1.79271       0.747927      0.666741      0.0642827     85.2364       2.00453       10.8309       1.04407       1             29           
10.5     -37.5    17:45:36.381     -29:01:47.48     1485.95       2.57567       -11.3113      0.515         0.623751      0.827449      0.762374      0.0347661     88.4218       2.09054       11.3285       0.516233      1             30           
11.5     -37.5    17:45:35.463     -29:01:47.48     1206.53       2.04557       -6.28165      0.752921      3.50728       0.862462      0.596292      0.0646849     75.4119       3.33578       7.19445       0.780348      1             31           
12.5     -37.5    17:45:34.551     -29:01:47.48     858.181       2.07978       -6.07537      0.760832      -3.3867       0.774146      0.810501      0.0890483     -75.4313      3.17556       6.95556       0.76401       1             32           
13.5     -37.5    17:45:33.633     -29:01:47.46     437.758       1.91812       -1.49688      0.802056      -5.03299      0.757241      1.19949       0.173916      -53.2816      4.35653       5.25087       0.760982      1             33           
14.5     -37.5    17:45:32.716     -29:01:47.46     209.113       1.44328       -0.945419     0.780868      -4.68633      1.04092       2.28621       0.493756      -50.7029      4.74979       4.78075       1.03198       1             34           
-1.5     -36.5    17:45:47.357     -29:01:35.50     712.113       1.40627       -13.943       0.876701      17.3277       0.861869      3.12322       0.122009      64.4112       1.12179       22.2409       0.867728      1             35           
-0.5     -36.5    17:45:46.446     -29:01:35.50     742.414       2.15782       -12.0999      0.80948       9.32665       0.809367      2.05778       0.109192      71.1874       1.5178        15.2773       0.809438      1             36           
0.5      -36.5    17:45:45.528     -29:01:35.50     686.682       2.40232       -7.50738      0.956838      5.03891       0.886116      1.31672       0.136305      73.0654       2.87907       9.04164       0.935445      1             37           
1.5      -36.5    17:45:44.610     -29:01:35.50     538.479       3.03494       3.1656        0.602962      10.7366       0.857242      2.07873       0.156387      36.7861       1.60497       11.1935       0.839743      1             38           
2.5      -36.5    17:45:43.698     -29:01:35.50     1004.21       2.76561       13.4662       0.643319      14.3533       0.960289      1.95989       0.0825462     23.4132       1.17517       19.6814       0.827163      1             39           
3.5      -36.5    17:45:42.780     -29:01:35.50     1664.56       5.82512       14.0405       0.796489      4.63555       0.7527        0.888282      0.0476991     9.13543       1.46692       14.786        0.792292      1             40           
4.5      -36.5    17:45:41.869     -29:01:35.50     1448.33       2.58338       13.9305       0.84228       -1.04862      0.790017      0.96455       0.0581609     -2.15242      1.6207        13.9699       0.841995      1             41           
5.5      -36.5    17:45:40.951     -29:01:35.50     1090.67       1.89261       14.2284       0.880775      1.43494       0.715037      1.31117       0.0806486     2.87942       1.43614       14.3005       0.879262      1             42           
6.5      -36.5    17:45:40.033     -29:01:35.49     852.452       2.31268       3.94605       0.799447      4.65416       0.808666      0.715799      0.0944327     24.8535       3.77153       6.10184       0.804823      1             43           
7.5      -36.5    17:45:39.122     -29:01:35.49     827.915       3.47494       -4.20012      0.640824      4.10427       1.14964       0.70931       0.111768      67.8306       4.56763       5.87249       0.925015      1             44           
8.5      -36.5    17:45:38.204     -29:01:35.49     1333.38       2.77902       -6.15337      1.14793       4.0905        0.86261       0.554148      0.0801513     73.1929       3.71862       7.38892       1.06861       1             45           
9.5      -36.5    17:45:37.299     -29:01:35.49     1323.04       1.67777       -6.64341      0.676895      4.2923        0.789823      0.59782       0.0538219     73.5668       2.74662       7.9094        0.712016      1             46           
10.5     -36.5    17:45:36.381     -29:01:35.48     1140.53       3.05614       -8.40618      0.649305      -0.674659     0.87406       0.739409      0.057112      -87.7057      2.96495       8.43321       0.65099       1             47           
11.5     -36.5    17:45:35.463     -29:01:35.48     1178.79       1.47929       -7.48022      1.00299       -3.66843      0.694617      0.706768      0.0806849     -76.9379      2.62773       8.33132       0.951049      1             48           
12.5     -36.5    17:45:34.551     -29:01:35.48     860.464       1.45602       -6.75161      0.841882      -8.97737      0.750262      1.30544       0.0912098     -63.4728      2.06574       11.2329       0.784597      1             49           
13.5     -36.5    17:45:33.633     -29:01:35.47     521.742       1.4869        -1.40605      0.802914      -7.27289      0.801468      1.41977       0.153677      -50.4709      3.10498       7.40755       0.80152       1             50           
14.5     -36.5    17:45:32.716     -29:01:35.47     241.915       1.05297       1.29923       0.91524       -5.2315       0.900717      2.22823       0.372805      -38.0265      4.85968       5.39042       0.901567      1             51           
-1.5     -35.5    17:45:47.357     -29:01:23.50     784.426       1.89644       -9.84808      0.996669      16.3353       1.02765       2.43162       0.130098      60.5422       1.50945       19.0743       1.01948       1             52           
-0.5     -35.5    17:45:46.446     -29:01:23.50     898.65        3.07628       -10.8824      0.650428      13.5688       1.01169       1.93553       0.0990323     64.3651       1.33613       17.3937       0.887959      1             53           
0.5      -35.5    17:45:45.528     -29:01:23.50     1041.13       4.39576       -6.62436      0.93781       8.87601       0.945248      1.0638        0.0906474     63.3674       2.43265       11.0755       0.942594      1             54           
1.5      -35.5    17:45:44.610     -29:01:23.50     748.202       2.25702       5.99438       0.719289      10.6137       0.751619      1.62917       0.0995503     30.2717       1.70916       12.1895       0.743929      1             55           
2.5      -35.5    17:45:43.698     -29:01:23.50     714.861       2.62562       14.5757       0.624702      8.05948       0.725996      2.3299        0.0913059     14.47         1.21018       16.6555       0.649838      1             56           
3.5      -35.5    17:45:42.780     -29:01:23.50     1097.72       2.02946       14.6952       0.905922      0.879016      0.623155      1.34109       0.0824873     1.71158       1.21506       14.7215       0.905071      1             57           
4.5      -35.5    17:45:41.869     -29:01:23.50     1126.07       1.77424       12.2309       0.671546      0.541759      0.870206      1.08722       0.0597006     1.26811       2.03545       12.2429       0.671992      1             58           
5.5      -35.5    17:45:40.951     -29:01:23.50     1170.57       2.24956       8.71046       0.728577      5.94766       0.738887      0.901044      0.0625466     17.163        1.99804       10.5474       0.731871      1             59           
6.5      -35.5    17:45:40.033     -29:01:23.50     1222.07       3.71983       2.31868       0.63167       11.6446       0.740228      0.971568      0.0603294     39.3693       1.53491       11.8732       0.736381      1             60           
7.5      -35.5    17:45:39.122     -29:01:23.49     1527.33       3.39032       -6.43924      0.963413      8.46468       0.7592        0.69635       0.0550094     63.6305       2.40805       10.6355       0.839842      1             61           
8.5      -35.5    17:45:38.204     -29:01:23.49     1570.51       2.59762       -9.78561      0.748623      3.80035       0.838978      0.668424      0.0484731     79.3879       2.25877       10.4977       0.761076      1             62           
9.5      -35.5    17:45:37.299     -29:01:23.48     1173.24       2.75074       -5.02189      0.693397      -0.94658      0.679478      0.435572      0.0590694     -84.6628      3.81178       5.11033       0.692924      1             63           
10.5     -35.5    17:45:36.381     -29:01:23.48     1165.78       2.97896       -3.86112      0.676176      -3.86958      0.726671      0.468908      0.0602235     -67.4686      3.67804       5.46643       0.701933      1             64           
11.5     -35.5    17:45:35.463     -29:01:23.48     1249.24       4.0244        -5.50801      0.752548      -9.18284      0.771349      0.857168      0.0614131     -60.478       2.02676       10.7081       0.76642       1             65           
12.5     -35.5    17:45:34.551     -29:01:23.48     803.057       1.80427       -3.82518      0.725842      -9.22888      0.726744      1.24402       0.0905239     -56.2565      2.0818        9.9902        0.726611      1             66           
13.5     -35.5    17:45:33.633     -29:01:23.47     404.55        1.51646       0.0508697     0.662269      -4.70114      0.716998      1.16213       0.177285      -44.69        4.03555       4.70142       0.716991      1             67           
17.5     -35.5    17:45:29.975     -29:01:23.44     91.4816       1.60619       -1.93239      0.797246      0.92711       0.799448      2.34286       0.872903      77.1848       10.6802       2.14328       0.797658      1             68           
-5.5     -34.5    17:45:51.016     -29:01:11.49     895.808       1.77566       -1.07077      0.769275      3.01598       0.939392      0.357266      0.102916      54.7733       7.07278       3.20042       0.921911      1             69           
-1.5     -34.5    17:45:47.357     -29:01:11.50     476.831       4.13042       -7.1791       0.771076      6.46445       0.86591       2.02602       0.171799      68.9992       2.44586       9.66067       0.814905      1             70           
-0.5     -34.5    17:45:46.446     -29:01:11.50     602.281       2.18657       -4.91892      0.879568      6.66549       0.889871      1.37544       0.147234      63.2131       3.05435       8.28399       0.886252      1             71           
0.5      -34.5    17:45:45.528     -29:01:11.50     898.386       4.17045       3.30733       0.804923      5.47227       0.800384      0.711729      0.089288      29.426        3.60093       6.39407       0.801601      1             72           
1.5      -34.5    17:45:44.610     -29:01:11.50     744.45        2.67963       4.3531        0.745265      5.90733       0.942444      0.985692      0.118009      26.8068       3.20164       7.33798       0.878117      1             73           
2.5      -34.5    17:45:43.698     -29:01:11.50     597.653       2.06899       11.9679       0.933816      1.44203       0.96054       2.01696       0.156468      3.43527       2.28187       12.0544       0.934204      1             74           
3.5      -34.5    17:45:42.780     -29:01:11.50     811.027       1.31597       12.4212       0.845325      -5.67671      0.826717      1.6839        0.103872      -12.2806      1.741         13.6569       0.84214       1             75           
4.5      -34.5    17:45:41.869     -29:01:11.50     1085.82       2.3694        9.87693       0.669681      0.0605553     0.828749      0.909643      0.0617075     0.175638      2.40371       9.87711       0.669688      1             76           
5.5      -34.5    17:45:40.951     -29:01:11.49     1599.52       2.28269       5.14112       0.794136      5.34721       0.716233      0.463751      0.0471849     23.0629       2.92633       7.4178        0.754658      1             77           
6.5      -34.5    17:45:40.033     -29:01:11.49     2148.48       4.49508       2.63796       0.933241      16.0424       0.817312      0.756717      0.0382261     40.331        1.63941       16.2579       0.820574      1             78           
7.5      -34.5    17:45:39.122     -29:01:11.49     2766.45       7.69316       -12.7464      0.74309       15.441        1.09736       0.723757      0.0351032     64.7697       1.29281       20.0224       0.969514      1             79           
8.5      -34.5    17:45:38.210     -29:01:11.49     2129.06       3.94795       -15.2259      0.914478      2.60418       0.709308      0.725531      0.0427296     85.1471       1.3278        15.447        0.909287      1             80           
9.5      -34.5    17:45:37.299     -29:01:11.49     1146.98       4.22164       -5.59216      0.572623      -4.82804      0.499937      0.644123      0.0473813     -69.597       2.06366       7.38797       0.542774      1             81           
10.5     -34.5    17:45:36.381     -29:01:11.48     1119.01       1.84548       0.208821      0.854529      -6.89555      0.691934      0.6165        0.0618577     -44.1327      3.548         6.89871       0.692101      1             82           
11.5     -34.5    17:45:35.463     -29:01:11.48     1048.76       3.1618        -2.96115      0.867641      -8.2501       0.9398        0.835789      0.088888      -54.8721      2.8636        8.76542       0.931847      1             83           
12.5     -34.5    17:45:34.551     -29:01:11.48     569.147       1.38248       -1.68624      0.754725      -7.06412      0.925194      1.27605       0.161115      -51.7128      3.01715       7.26259       0.916813      1             84           
13.5     -34.5    17:45:33.633     -29:01:11.47     149.605       1.87662       0.889691      0.991476      -2.17537      0.823664      1.57099       0.568337      -33.8781      11.8139       2.35027       0.849748      1             85           
-1.5     -33.5    17:45:47.357     -29:00:59.50     496.211       3.00681       -10.8688      1.065         1.10454       0.993844      2.20165       0.2149        87.0986       2.60811       10.9248       1.0643        1             86           
-0.5     -33.5    17:45:46.446     -29:00:59.50     255.762       2.5814        -1.74603      0.849279      1.41954       0.941999      0.879829      0.347053      70.4442       11.5372       2.25027       0.887339      1             87           
0.5      -33.5    17:45:45.528     -29:00:59.50     262.165       2.0672        6.70786       0.809834      0.25953       0.833481      2.56055       0.309575      1.10785       3.55682       6.71287       0.80987       1             88           
1.5      -33.5    17:45:44.610     -29:00:59.50     266.395       2.07713       1.874         0.772747      6.07248       0.725744      2.38558       0.274642      36.4248       3.46554       6.35506       0.729951      1             89           
2.5      -33.5    17:45:43.698     -29:00:59.50     326.694       2.28748       7.66255       0.951624      -0.956345     0.69183       2.36368       0.290706      -3.55708      2.58412       7.722         0.948177      1             90           
3.5      -33.5    17:45:42.780     -29:00:59.50     593.552       2.21725       11.2694       1.00687       -1.90735      0.950398      1.92563       0.16953       -4.80316      2.38619       11.4296       1.00534       1             91           
4.5      -33.5    17:45:41.869     -29:00:59.50     1228.59       2.35889       7.73873       0.734525      -0.050787     0.908029      0.629899      0.0597987     -0.188005     3.36132       7.73889       0.734533      1             92           
5.5      -33.5    17:45:40.951     -29:00:59.50     1702.83       3.78564       1.03416       0.761929      4.27224       0.714959      0.258137      0.0421479     38.1962       4.94932       4.39563       0.71764       1             93           
6.5      -33.5    17:45:40.033     -29:00:59.49     1928.57       7.04487       -0.0786883    0.724426      13.3965       0.873008      0.694647      0.045338      45.1683       1.54914       13.3967       0.873003      1             94           
7.5      -33.5    17:45:39.122     -29:00:59.49     3190.05       7.60913       -15.3674      0.800698      17.6997       0.714138      0.734787      0.023656      65.4827       0.934592      23.4401       0.752563      1             95           
8.5      -33.5    17:45:38.210     -29:00:59.49     2708.32       7.47762       -18.0282      0.744178      -0.012183     0.674581      0.665662      0.0275389     -89.9806      1.07195       18.0282       0.744178      1             96           
9.5      -33.5    17:45:37.299     -29:00:59.48     1213.49       3.79786       -2.88531      0.921759      -7.4386       0.725267      0.657493      0.0621593     -55.6002      3.22618       7.97859       0.75388       1             97           
10.5     -33.5    17:45:36.381     -29:00:59.48     751.147       1.9878        4.47709       0.841552      -7.16956      0.847534      1.1253        0.112648      -29.0085      2.85791       8.45263       0.84586       1             98           
11.5     -33.5    17:45:35.463     -29:00:59.48     605.045       1.9406        2.27333       0.850616      -8.24391      0.746995      1.41338       0.124831      -37.2917      2.82643       8.55161       0.754786      1             99           
12.5     -33.5    17:45:34.551     -29:00:59.47     353.062       1.57826       -0.467806     0.781874      -3.42128      0.739951      0.978048      0.209851      -48.893       6.4804        3.45311       0.740742      1             100          
19.5     -33.5    17:45:28.145     -29:00:59.43     245.455       3.61764       3.17647       1.00352       3.64219       0.866298      1.9689        0.379215      24.4536       5.61179       4.83275       0.928072      1             101          
-1.5     -32.5    17:45:47.357     -29:00:47.51     623.909       1.76494       -10.3109      0.880764      0.306338      0.991057      1.65337       0.141263      89.1491       2.75208       10.3155       0.880868      1             102          
-0.5     -32.5    17:45:46.446     -29:00:47.51     177.322       1.82414       0.641125      1.00873       5.58607       0.968659      3.17092       0.547543      41.7263       5.1369        5.62274       0.969191      1             103          
1.5      -32.5    17:45:44.610     -29:00:47.51     187.38        1.5512        5.68555       0.862196      1.80517       1.00109       3.1835        0.468151      8.80734       4.75054       5.96524       0.875832      1             104          
2.5      -32.5    17:45:43.698     -29:00:47.51     236.324       2.66184       6.27588       0.912401      -1.89032      0.84617       2.77347       0.385097      -8.38128      3.72337       6.55438       0.907077      1             105          
3.5      -32.5    17:45:42.780     -29:00:47.51     353.808       3.64339       8.77363       0.772775      -3.25251      0.906921      2.64469       0.224994      -10.1702      2.73031       9.35711       0.790193      1             106          
4.5      -32.5    17:45:41.869     -29:00:47.49     1063.39       2.39364       5.33313       0.820775      -4.95639      0.879271      0.684668      0.0797964     -21.4516      3.35504       7.28067       0.848386      1             107          
5.5      -32.5    17:45:40.951     -29:00:47.49     1406.73       4.47882       1.35839       0.716954      -1.17886      1.19751       0.127856      0.0677859     -20.4764      16.234        1.79859       0.953549      1             108          
6.5      -32.5    17:45:40.033     -29:00:47.49     1126.2        13.5351       -0.652417     0.809003      2.33051       0.734653      0.214891      0.0657855     52.8197       9.51529       2.42011       0.740308      1             109          
7.5      -32.5    17:45:39.122     -29:00:47.49     2656.23       7.46309       -13.5445      0.893981      8.56893       0.753421      0.603393      0.0322768     73.8403       1.42303       16.0275       0.856162      1             110          
8.5      -32.5    17:45:38.210     -29:00:47.49     2719.98       9.20672       -13.6489      0.890015      0.222955      0.851892      0.501868      0.0327651     89.5321       1.78784       13.6507       0.890005      1             111          
9.5      -32.5    17:45:37.299     -29:00:47.48     1146.46       4.5138        -1.18503      0.938769      -5.28508      0.84242       0.472439      0.0739277     -51.3189      4.94213       5.41631       0.847282      1             112          
10.5     -32.5    17:45:36.381     -29:00:47.48     546.596       3.71416       3.57429       0.656514      -3.78713      0.896409      0.952712      0.145131      -23.3281      4.28436       5.20749       0.792491      1             113          
11.5     -32.5    17:45:35.463     -29:00:47.48     540.672       2.12737       0.415694      0.93369       -3.86739      0.680281      0.719415      0.126487      -41.9325      6.85829       3.88967       0.683706      1             114          
12.5     -32.5    17:45:34.551     -29:00:47.48     316.965       1.35466       0.76551       0.888446      0.035348      0.829456      0.24177       0.280261      1.3219        31.0128       0.766326      0.888325      1             115          
23.5     -32.5    17:45:24.486     -29:00:47.39     75.5001       3.18917       -4.83893      0.960551      -2.37544      1.28524       7.13979       1.39928       -76.9267      6.53104       5.39054       1.03163       1             116          
24.5     -32.5    17:45:23.569     -29:00:47.38     211.147       2.35465       -3.83269      0.759873      0.161433      0.971923      1.81678       0.36065       88.7941       7.25582       3.83609       0.7603        1             117          
25.5     -32.5    17:45:22.657     -29:00:47.38     191.59        1.75652       1.8551        0.955751      4.9941        1.21016       2.78069       0.617589      34.811        5.32404       5.32751       1.18223       1             118          
-1.5     -31.5    17:45:47.357     -29:00:35.51     319.581       2.486         -4.60244      0.816702      -1.08609      0.933894      1.4797        0.257876      -83.3611      5.62242       4.72885       0.823301      1             119          
1.5      -31.5    17:45:44.610     -29:00:35.51     470.654       2.34036       5.86374       0.820417      1.10717       0.954583      1.26788       0.175486      5.34626       4.56208       5.96735       0.825398      1             120          
2.5      -31.5    17:45:43.698     -29:00:35.51     648.008       3.65809       5.81536       0.90271       1.50935       0.716398      0.927155      0.137768      7.27489       3.47875       6.00804       0.892102      1             121          
3.5      -31.5    17:45:42.780     -29:00:35.51     642.148       3.29973       4.23334       0.607143      -3.23862      0.827988      0.830041      0.108606      -18.7085      4.05269       5.33009       0.696875      1             122          
4.5      -31.5    17:45:41.869     -29:00:35.51     1320.32       3.56836       0.17418       0.81815       -11.1802      0.999829      0.846887      0.075758      -44.5537      2.09628       11.1816       0.999788      1             123          
5.5      -31.5    17:45:40.951     -29:00:35.49     2365.64       7.59288       45.7826       1.55265       -39.7769      2.1418        2.56373       0.0777718     -20.4924      0.90257       60.6486       1.82948       1             124          
6.5      -31.5    17:45:40.033     -29:00:35.49     2422.53       10.5212       63.3855       2.37878       -47.0645      3.40154       3.2589        0.115855      -18.2972      1.11664       78.948        2.78561       1             125          
7.5      -31.5    17:45:39.128     -29:00:35.49     2279.76       3.71367       -0.775878     0.744664      -2.9145       0.894862      0.132295      0.0388516     -52.4536      7.17646       3.01601       0.885709      1             126          
8.5      -31.5    17:45:38.210     -29:00:35.48     1977.32       5.81482       -6.41117      0.712508      -4.63169      0.835602      0.399996      0.0383012     -72.077       2.88151       7.90921       0.75698       1             127          
9.5      -31.5    17:45:37.299     -29:00:35.48     834.664       5.12154       -2.69395      1.00012       -4.36011      0.726458      0.614046      0.0972795     -60.8552      5.21272       5.12522       0.811348      1             128          
10.5     -31.5    17:45:36.381     -29:00:35.48     567.462       2.50643       -0.967555     0.858356      -3.24379      0.844663      0.596519      0.149071      -53.3044      7.25499       3.38502       0.84579       1             129          
11.5     -31.5    17:45:35.463     -29:00:35.48     515.397       2.94227       -0.854253     0.853804      -0.159372     0.921534      0.168606      0.166121      -84.7161      30.3076       0.868992      0.856169      1             130          
12.5     -31.5    17:45:34.551     -29:00:35.47     266.601       1.43825       1.48571       0.815881      -0.167458     0.590627      0.560805      0.30513       -3.21542      11.3813       1.49511       0.813442      1             131          
23.5     -31.5    17:45:24.486     -29:00:35.40     80.4374       3.23119       0.949796      0.944933      -0.719305     1.25345       1.48119       1.32878       -18.5688      27.6666       1.19143       1.06776       1             132          
24.5     -31.5    17:45:23.569     -29:00:35.40     181.308       3.3109        3.24907       1.00686       2.03859       1.23224       2.11555       0.594346      16.0529       8.76074       3.83566       1.07532       1             133          
25.5     -31.5    17:45:22.657     -29:00:35.38     204.357       2.38085       1.11432       0.875724      2.91563       1.28706       1.52739       0.608136      34.5418       8.61123       3.12131       1.24223       1             134          
26.5     -31.5    17:45:21.739     -29:00:35.37     282.351       1.69046       -3.15216      1.07456       2.475         1.46391       1.41941       0.438397      70.931        9.49957       4.00771       1.23759       1             135          
27.5     -31.5    17:45:20.828     -29:00:35.36     468.613       3.12215       -3.11228      1.14997       3.93379       1.33266       1.07041       0.270137      64.1749       6.98788       5.01607       1.26545       1             136          
28.5     -31.5    17:45:19.916     -29:00:35.35     482.965       4.05386       -4.10097      1.39745       2.86888       1.32051       1.03627       0.284345      72.5124       7.70612       5.00484       1.37265       1             137          
29.5     -31.5    17:45:18.998     -29:00:35.33     253.616       4.34779       1.71815       1.34837       1.1432        1.13684       0.813719      0.507715      16.8193       16.7372       2.06372       1.28716       1             138          
-9.5     -30.5    17:45:54.675     -29:00:23.48     140.091       1.90553       -3.35166      0.923878      -1.21895      1.40791       2.54579       0.709434      -80.0072      10.9266       3.56643       0.99267       1             139          
-1.5     -30.5    17:45:47.357     -29:00:23.49     406.055       2.7984        6.94587       0.820342      -1.93933      0.973798      1.776         0.205359      -7.80002      3.8276        7.21153       0.832389      1             140          
-0.5     -30.5    17:45:46.446     -29:00:23.51     223.496       2.03265       7.33704       0.936638      -2.923        0.571514      3.53378       0.401952      -10.8609      2.29999       7.89785       0.895469      1             141          
0.5      -30.5    17:45:45.528     -29:00:23.51     211.018       1.39343       9.48646       1.06758       -4.45291      0.854869      4.96619       0.490353      -12.5726      2.45215       10.4796       1.03242       1             142          
1.5      -30.5    17:45:44.610     -29:00:23.51     719.987       4.12988       6.93767       0.82415       -2.76817      1.03937       1.03745       0.119167      -10.8761      3.88334       7.46953       0.856917      1             143          
2.5      -30.5    17:45:43.698     -29:00:23.49     1024.09       4.72083       0.724919      0.86155       -2.53019      0.94104       0.257007      0.0913322     -37.0063      9.44596       2.63199       0.935247      1             144          
3.5      -30.5    17:45:42.780     -29:00:23.49     989.038       1.67556       -1.89389      0.883907      -3.7468       0.666078      0.424479      0.0723768     -58.4075      5.76025       4.19826       0.715799      1             145          
4.5      -30.5    17:45:41.869     -29:00:23.49     1431.94       3.74658       -5.68323      0.72767       -9.54233      0.798272      0.775628      0.0545374     -60.3886      1.92628       11.1065       0.780403      1             146          
5.5      -30.5    17:45:40.951     -29:00:23.49     2426.43       9.99265       49.4095       1.82915       -44.3812      2.61325       2.73716       0.0919338     -20.9656      0.990559      66.4153       2.21387       1             147          
6.5      -30.5    17:45:40.033     -29:00:23.49     2637.85       11.5259       71.004        3.04754       -52.4226      3.42615       3.34588       0.121671      -18.2193      1.07034       88.2592       3.18625       1             148          
7.5      -30.5    17:45:39.128     -29:00:23.49     2067.37       2.49141       4.28639       0.823922      -5.3684       0.673353      0.332292      0.0355859     -25.6972      3.2061        6.86971       0.735645      1             149          
8.5      -30.5    17:45:38.210     -29:00:23.49     1449.43       3.31538       -2.35032      0.712087      -5.72558      0.628725      0.427011      0.0442638     -56.1589      3.24322       6.18921       0.641415      1             150          
9.5      -30.5    17:45:37.299     -29:00:23.48     592.432       5.31337       -1.46069      0.712935      -6.27718      0.800403      1.08787       0.13474       -51.5498      3.19016       6.44489       0.796145      1             151          
10.5     -30.5    17:45:36.381     -29:00:23.48     500.741       3.1143        -1.07031      0.870815      -3.07638      0.656007      0.650487      0.136351      -54.5917      7.47794       3.25725       0.682464      1             152          
11.5     -30.5    17:45:35.463     -29:00:23.48     472.992       2.0514        0.987522      0.785667      -1.31423      0.666805      0.347553      0.150537      -26.5393      12.9823       1.6439        0.71199       1             153          
12.5     -30.5    17:45:34.551     -29:00:23.47     294.893       1.61314       1.30263       0.780074      -0.569067     0.83707       0.482043      0.267732      -11.7993      16.6908       1.42151       0.789485      1             154          
25.5     -30.5    17:45:22.657     -29:00:23.37     191.737       2.8314        -2.00483      1.00096       -2.59611      1.2331        1.71074       0.601285      -63.8384      9.55011       3.28012       1.15187       1             155          
-1.5     -29.5    17:45:47.357     -29:00:11.51     788.353       3.64702       5.0786        1.06364       3.37139       0.935006      0.773229      0.130195      16.7889       4.58757       6.09578       1.02601       1             156          
-0.5     -29.5    17:45:46.446     -29:00:11.51     523.23        3.33568       6.71971       0.836494      -0.541774     0.95786       1.28844       0.160242      -2.30474      4.06728       6.74151       0.837334      1             157          
0.5      -29.5    17:45:45.528     -29:00:11.51     201.587       2.50937       6.9252        0.82006       -2.27632      0.786858      3.61617       0.407719      -9.09789      3.10524       7.28972       0.816882      1             158          
1.5      -29.5    17:45:44.610     -29:00:11.51     452.746       2.70423       4.15967       0.872428      -3.33057      0.982862      1.17698       0.202697      -19.3418      5.06033       5.32875       0.917153      1             159          
2.5      -29.5    17:45:43.698     -29:00:11.51     931.08        1.72513       -4.2911       0.904531      -7.6082       0.77525       0.938145      0.0868354     -59.7117      2.87001       8.73489       0.808345      1             160          
3.5      -29.5    17:45:42.780     -29:00:11.51     1193.41       2.02113       -9.91065      0.808852      -5.82972      0.84979       0.963471      0.0686943     -74.7674      2.09153       11.4981       0.819571      1             161          
4.5      -29.5    17:45:41.869     -29:00:11.50     1546.91       2.64137       -15.5356      0.798448      -0.540725     0.81515       1.00491       0.0516456     -89.0033      1.5022        15.545        0.798469      1             162          
5.5      -29.5    17:45:40.951     -29:00:11.50     1732.01       3.65631       -10.8758      0.866902      3.14501       0.646323      0.653657      0.0492061     81.9357       1.68514       11.3214       0.851916      1             163          
6.5      -29.5    17:45:40.033     -29:00:11.50     1591.78       4.62564       -3.80814      0.957066      -1.36672      0.868057      0.254178      0.0595184     -80.1286      6.2215        4.04597       0.947333      1             164          
7.5      -29.5    17:45:39.128     -29:00:11.48     1616.47       2.42748       -4.31377      0.964991      -2.91054      0.900773      0.321926      0.0584857     -72.9961      5.07213       5.20383       0.945371      1             165          
8.5      -29.5    17:45:38.210     -29:00:11.48     1275.82       2.36017       -3.067        0.823536      0.00948519    0.774967      0.240397      0.0645512     89.9114       7.23869       3.06702       0.823535      1             166          
9.5      -29.5    17:45:37.299     -29:00:11.48     777.6         3.23964       -0.0922475    0.590226      -2.87817      0.646066      0.370326      0.083092      -45.9179      5.8724        2.87965       0.646011      1             167          
10.5     -29.5    17:45:36.381     -29:00:11.48     771.22        2.55537       0.988109      0.65644       -1.4547       0.925129      0.228022      0.110156      -27.9068      12.2459       1.75855       0.849529      1             168          
11.5     -29.5    17:45:35.463     -29:00:11.47     796.627       3.49183       2.02937       0.814417      1.03245       0.815505      0.285818      0.102269      13.4825       10.2578       2.27691       0.814641      1             169          
12.5     -29.5    17:45:34.551     -29:00:11.47     464.886       1.87653       0.997105      0.748637      -1.24469      0.778065      0.343058      0.164927      -25.6512      13.6568       1.59483       0.766696      1             170          
13.5     -29.5    17:45:33.633     -29:00:11.47     158.64        1.98579       0.212397      0.869854      -0.400848     1.01964       0.285958      0.623275      -31.0411      57.1396       0.453643      0.988746      1             171          
26.5     -29.5    17:45:21.746     -29:00:11.36     169.62        2.40456       0.755477      1.29903       0.639891      1.2121        0.583688      0.744912      20.1323       36.145        0.990054      1.26344       1             172          
-1.5     -28.5    17:45:47.357     -28:59:59.50     572.162       1.7554        3.29158       0.844948      -0.838387     0.850241      0.593657      0.147744      -7.14488      7.16829       3.39668       0.845271      1             173          
-0.5     -28.5    17:45:46.446     -28:59:59.50     278.558       2.04865       3.69123       0.951197      1.62613       0.963252      1.44801       0.342345      11.8877       6.82758       4.03354       0.953166      1             174          
1.5      -28.5    17:45:44.610     -28:59:59.50     267.734       1.99457       1.78263       0.744677      -3.04413      0.936729      1.31761       0.333173      -29.8235      6.48148       3.52768       0.891629      1             175          
2.5      -28.5    17:45:43.698     -28:59:59.50     925.339       1.69545       -6.72071      0.835867      -4.59099      0.820595      0.879582      0.0898236     -72.8313      2.90553       8.13911       0.831039      1             176          
3.5      -28.5    17:45:42.780     -28:59:59.50     1612.34       2.95526       -18.0538      0.907447      -1.23472      0.744217      1.12234       0.056276      -88.0438      1.17951       18.096        0.906755      1             177          
4.5      -28.5    17:45:41.869     -28:59:59.50     1810.46       3.11023       -24.7053      0.742555      5.53102       0.76716       1.39836       0.0411507     83.6903       0.86679       25.3168       0.743748      1             178          
5.5      -28.5    17:45:40.951     -28:59:59.50     1657.12       2.15335       -26.3282      1.03285       10.5323       1.01252       1.71121       0.0621999     79.0983       1.02578       28.3567       1.03007       1             179          
6.5      -28.5    17:45:40.033     -28:59:59.50     1366.62       2.90287       -14.4973      0.89964       6.91056       0.67211       1.17517       0.0631286     77.2569       1.28377       16.0601       0.862054      1             180          
7.5      -28.5    17:45:39.128     -28:59:59.50     1181.36       3.98189       -7.03311      0.91228       0.429972      0.84658       0.596453      0.0772293     88.2508       3.44297       7.04624       0.912045      1             181          
8.5      -28.5    17:45:38.210     -28:59:59.48     1280.1        2.18909       -3.9979       0.846689      2.00545       1.00293       0.349403      0.0687731     76.6802       6.23556       4.4727        0.88033       1             182          
9.5      -28.5    17:45:37.299     -28:59:59.48     1051.79       1.88018       1.77771       0.666973      1.66988       0.934563      0.231891      0.0764024     21.6043       9.63237       2.439         0.80358       1             183          
10.5     -28.5    17:45:36.381     -28:59:59.48     982.013       2.2364        4.13397       0.611438      1.83903       0.691864      0.460745      0.0636981     11.9911       4.30066       4.52457       0.625439      1             184          
11.5     -28.5    17:45:35.463     -28:59:59.48     781.844       2.33378       6.38595       0.750365      0.970388      0.759188      0.826157      0.0960311     4.32019       3.36625       6.45926       0.750565      1             185          
12.5     -28.5    17:45:34.551     -28:59:59.47     467.064       1.78033       5.7089        0.796267      -0.117067     0.975158      1.22255       0.170565      -0.587373     4.89208       5.7101        0.796351      1             186          
13.5     -28.5    17:45:33.633     -28:59:59.47     195.013       1.83108       3.57608       0.676354      -0.530955     0.785973      1.85386       0.348568      -4.22263      6.21069       3.61528       0.678905      1             187          
-1.5     -27.5    17:45:47.357     -28:59:47.51     513.919       1.80358       4.37655       0.958008      0.841797      1.05873       0.867213      0.187172      5.44373       6.78346       4.45677       0.961783      1             188          
-0.5     -27.5    17:45:46.446     -28:59:47.51     183.319       1.7314        1.30716       0.850146      1.41644       0.936549      1.05141       0.489872      23.6488       13.2421       1.92742       0.897842      1             189          
2.5      -27.5    17:45:43.698     -28:59:47.50     717.585       2.73443       -4.5353       0.855158      -0.745305     0.858527      0.6405        0.119209      -85.3339      5.35069       4.59613       0.855247      1             190          
3.5      -27.5    17:45:42.780     -28:59:47.50     1559.23       4.00102       -17.9356      0.806024      4.81048       1.11635       1.19094       0.0533501     82.493        1.69435       18.5695       0.830487      1             191          
4.5      -27.5    17:45:41.869     -28:59:47.50     1896.84       4.49097       -23.7243      0.95298       13.8849       0.94943       1.44919       0.0503099     74.8307       0.990409      27.4888       0.952075      1             192          
5.5      -27.5    17:45:40.951     -28:59:47.50     1483.81       2.24346       -25.8441      0.753926      12.8053       0.796071      1.94381       0.0514664     76.8212       0.782624      28.8425       0.762418      1             193          
6.5      -27.5    17:45:40.040     -28:59:47.50     1260.66       1.58651       -18.4032      0.936685      4.93278       0.814429      1.51134       0.0737158     82.4976       1.23775       19.0528       0.928994      1             194          
7.5      -27.5    17:45:39.128     -28:59:47.50     1032.43       1.60938       -9.31857      0.806358      1.19384       0.652232      0.909961      0.0778974     86.3497       1.99736       9.39473       0.804104      1             195          
8.5      -27.5    17:45:38.210     -28:59:47.50     967.011       2.86893       -5.37711      0.626738      6.12508       0.585155      0.84285       0.0624698     65.6397       2.14052       8.15045       0.603606      1             196          
9.5      -27.5    17:45:37.299     -28:59:47.48     913.582       2.05608       1.11499       0.84708       6.21462       0.838007      0.69111       0.0917719     39.9143       3.84218       6.31385       0.838291      1             197          
10.5     -27.5    17:45:36.381     -28:59:47.48     836.33        2.02319       2.45928       0.903385      4.08842       0.899129      0.570479      0.107653      29.486        5.41758       4.77108       0.900262      1             198          
11.5     -27.5    17:45:35.463     -28:59:47.47     600.778       1.70135       5.17233       0.758002      3.09529       0.981628      1.00332       0.137         15.4488       4.41003       6.02775       0.822891      1             199          
12.5     -27.5    17:45:34.551     -28:59:47.47     502.044       2.12395       6.61076       0.84607       1.62331       0.7053        1.35589       0.167155      6.89816       3.00508       6.80715       0.838699      1             200          
13.5     -27.5    17:45:33.633     -28:59:47.47     230.363       2.35905       3.55325       0.743093      -1.07529      0.717851      1.61154       0.322093      -8.41849      5.55614       3.71239       0.741008      1             201          
27.5     -27.5    17:45:20.828     -28:59:47.36     171.479       5.7203        1.046         1.12479       -4.9126       0.986046      2.92906       0.586958      -38.99        6.38313       5.02273       0.992466      1             202          
-1.5     -26.5    17:45:47.357     -28:59:35.50     495.665       2.14568       4.71097       0.917263      -3.62063      0.846855      1.19871       0.179988      -18.7721      4.21246       5.94157       0.891767      1             203          
1.5      -26.5    17:45:44.610     -28:59:35.50     185.441       1.5938        -0.752059     0.821595      -0.917077     0.87626       0.639562      0.460934      -64.6769      20.3867       1.18601       0.8547        1             204          
2.5      -26.5    17:45:43.698     -28:59:35.50     656.544       1.22163       -5.26367      0.942525      1.1037        0.958495      0.819159      0.14367       84.0788       5.10208       5.37814       0.943203      1             205          
3.5      -26.5    17:45:42.780     -28:59:35.50     1072.95       3.96504       -11.8229      0.777411      4.13179       0.735935      1.16726       0.0721737     80.3684       1.69397       12.5241       0.773005      1             206          
4.5      -26.5    17:45:41.869     -28:59:35.50     1392.26       3.50884       -16.8744      0.854571      14.1307       0.776416      1.58085       0.0592647     70.0285       1.05371       22.0096       0.823255      1             207          
5.5      -26.5    17:45:40.951     -28:59:35.50     1155.53       2.98518       -20.755       0.688881      16.3512       1.04292       2.28659       0.0731268     70.8841       1.00131       26.4221       0.842238      1             208          
6.5      -26.5    17:45:40.040     -28:59:35.50     1127.84       3.09452       -14.6156      0.797965      8.88909       0.750128      1.51675       0.069756      74.3462       1.27835       17.1065       0.785336      1             209          
7.5      -26.5    17:45:39.128     -28:59:35.49     931.73        2.14172       -12.263       0.824657      3.11369       0.676772      1.35792       0.0876843     82.8766       1.55473       12.6521       0.816463      1             210          
8.5      -26.5    17:45:38.210     -28:59:35.49     780.071       2.17647       -5.27815      0.910581      4.12222       0.738722      0.858528      0.108936      71.0051       3.45695       6.69713       0.84957       1             211          
9.5      -26.5    17:45:37.299     -28:59:35.49     699.848       1.84198       2.6062        0.972112      4.20667       0.801736      0.707092      0.121814      29.1101       5.37228       4.94857       0.852413      1             212          
10.5     -26.5    17:45:36.381     -28:59:35.49     653.8         0.975471      1.69761       0.990317      2.68299       0.818326      0.485615      0.133219      28.8387       8.52095       3.17495       0.87097       1             213          
11.5     -26.5    17:45:35.463     -28:59:35.47     570.136       1.34639       0.653097      0.760843      2.68955       0.94267       0.485447      0.163733      38.1756       7.99177       2.76771       0.933477      1             214          
12.5     -26.5    17:45:34.551     -28:59:35.47     499.437       1.91601       4.40619       0.913973      1.57182       0.800319      0.936684      0.180611      9.8164        4.9844        4.67815       0.90186       1             215          
13.5     -26.5    17:45:33.633     -28:59:35.47     248.376       2.03882       5.1716        0.853307      1.53222       0.82678       2.17163       0.343168      8.25161       4.40277       5.39381       0.851197      1             216          
27.5     -26.5    17:45:20.828     -28:59:35.36     457.964       4.95172       -0.521835     1.40447       -4.59223      1.24128       1.0092        0.271746      -48.2415      8.69339       4.62178       1.24349       1             217          
28.5     -26.5    17:45:19.916     -28:59:35.35     464.243       3.48751       -2.37421      1.46582       -4.40461      1.25257       1.07783       0.280924      -59.163       8.13337       5.00374       1.30363       1             218          
29.5     -26.5    17:45:18.998     -28:59:35.34     243.171       2.49163       1.61876       1.43757       -0.495772     0.948159      0.696208      0.576721      -8.51405      16.9143       1.69298       1.40231       1             219          
30.5     -26.5    17:45:18.087     -28:59:35.33     152.197       2.26185       2.0606        1.10953       1.58089       1.28151       1.70645       0.773223      18.7477       13.464        2.59717       1.17619       1             220          
-18.5    -25.5    17:46:02.904     -28:59:23.42     173.287       2.37495       1.75815       1.62612       3.7392        1.63011       2.38444       0.940855      32.4087       11.2795       4.13191       1.62939       1             221          
-17.5    -25.5    17:46:01.992     -28:59:23.45     403.534       2.97316       1.90545       1.66583       3.55797       1.33833       1.00018       0.351446      30.9145       11.3472       4.03607       1.41789       1             222          
-16.5    -25.5    17:46:01.074     -28:59:23.45     538.489       3.10795       3.30962       1.51021       3.08824       1.64767       0.840626      0.292653      21.5091       10.0321       4.52668       1.57569       1             223          
-15.5    -25.5    17:46:00.163     -28:59:23.45     632.513       3.05106       6.15532       1.40871       5.59552       1.64247       1.31516       0.240228      21.1363       5.30733       8.31852       1.51894       1             224          
-14.5    -25.5    17:45:59.245     -28:59:23.46     725.381       2.92875       1.848         1.42268       -1.3727       1.3846        0.317356      0.194282      -18.3026      17.4007       2.30204       1.40926       1             225          
-13.5    -25.5    17:45:58.334     -28:59:23.46     658.455       1.77074       -3.56134      1.70579       -8.87275      1.58463       1.452         0.243326      -55.9347      5.06239       9.56079       1.60199       1             226          
-8.5     -25.5    17:45:53.763     -28:59:23.49     1249.79       5.35486       -14.7807      1.08958       24.6985       1.22965       2.30306       0.0960689     60.4491       1.12289       28.7834       1.19431       1             227          
-1.5     -25.5    17:45:47.357     -28:59:23.50     598.86        1.88919       6.17769       0.977599      -10.9431      0.636531      2.0984        0.122684      -30.2771      2.0677        12.5665       0.733634      1             228          
1.5      -25.5    17:45:44.610     -28:59:23.50     171.569       2.93808       -3.00694      1.10072       0.362502      0.91732       1.7653        0.640867      86.5629       8.704         3.02871       1.09831       1             229          
2.5      -25.5    17:45:43.698     -28:59:23.50     446.947       2.92686       -5.4832       1.10207       -1.57996      0.825339      1.27672       0.242534      -81.9629      4.26609       5.70629       1.08336       1             230          
3.5      -25.5    17:45:42.780     -28:59:23.50     574.013       2.18414       -8.66521      0.981765      1.66027       0.95949       1.53705       0.171         84.5767       3.11807       8.82284       0.980985      1             231          
4.5      -25.5    17:45:41.869     -28:59:23.50     846.782       2.69418       -8.0057       0.956095      5.27186       0.707861      1.132         0.104972      73.3173       2.36462       9.58561       0.888358      1             232          
5.5      -25.5    17:45:40.951     -28:59:23.50     906.158       2.76858       -12.0485      0.880642      10.5775       0.696064      1.76931       0.0890579     69.3599       1.39691       16.0327       0.805517      1             233          
6.5      -25.5    17:45:40.040     -28:59:23.50     1055.43       3.12678       -10.1247      0.855625      7.20315       0.982065      1.17731       0.0853542     72.2852       2.17061       12.4256       0.9001        1             234          
7.5      -25.5    17:45:39.128     -28:59:23.50     910.344       2.91686       -5.21116      0.752821      3.90048       0.714939      0.715029      0.081259      71.5928       3.2074        6.50922       0.739442      1             235          
8.5      -25.5    17:45:38.210     -28:59:23.49     739.308       3.92101       -0.550718     0.839091      0.28698       0.987044      0.0839983     0.118057      76.238        44.1649       0.621006      0.872796      1             236          
9.5      -25.5    17:45:37.299     -28:59:23.49     517.104       3.32061       3.22158       0.738436      0.939197      0.934076      0.648939      0.146179      8.12657       7.8563        3.35569       0.755592      1             237          
10.5     -25.5    17:45:36.381     -28:59:23.47     458.605       2.20937       1.79875       0.783858      -0.325975     0.920843      0.39861       0.171963      -5.13592      14.3675       1.82805       0.78858       1             238          
11.5     -25.5    17:45:35.463     -28:59:23.47     460.967       1.82198       4.82828       0.86224       -0.450979     0.788637      1.05198       0.186964      -2.66808      4.66292       4.84929       0.86163       1             239          
12.5     -25.5    17:45:34.551     -28:59:23.47     331.159       2.18795       8.02696       0.93802       -1.68045      0.843853      2.47644       0.282591      -5.91209      2.96232       8.20097       0.934257      1             240          
13.5     -25.5    17:45:33.633     -28:59:23.46     155.729       1.40407       5.19437       0.965723      -1.15077      0.952585      3.41639       0.620502      -6.24583      5.13264       5.32031       0.965112      1             241          
-1.5     -24.5    17:45:47.357     -28:59:11.50     607.795       2.42164       3.9267        0.910736      -0.607478     0.872346      0.653743      0.149721      -4.3971       6.29613       3.97341       0.909858      1             242          
-0.5     -24.5    17:45:46.446     -28:59:11.50     237.298       2.99587       3.00986       0.883594      1.30137       0.903104      1.38187       0.37407       11.6911       7.86325       3.27915       0.886695      1             243          
1.5      -24.5    17:45:44.610     -28:59:11.50     200.125       2.96012       -3.50655      1.06497       1.07435       0.832836      1.83257       0.52391       81.4829       6.68058       3.66744       1.04707       1             244          
2.5      -24.5    17:45:43.698     -28:59:11.50     391.341       1.88195       -4.22377      0.995328      1.22434       0.921612      1.12374       0.252986      81.9174       6.04231       4.39764       0.989811      1             245          
3.5      -24.5    17:45:42.780     -28:59:11.50     350.044       2.07035       -7.90592      0.925167      -2.13784      1.05729       2.33967       0.2674        -82.4342      3.66873       8.18987       0.934763      1             246          
4.5      -24.5    17:45:41.869     -28:59:11.50     464.263       1.96489       -4.39699      1.06445       1.73238       0.851551      1.01795       0.223705      79.248        5.35348       4.72596       1.03839       1             247          
5.5      -24.5    17:45:40.951     -28:59:11.50     564.735       1.62078       -6.73329      0.750807      3.32637       1.1341        1.32985       0.148774      76.8549       4.08077       7.51012       0.839905      1             248          
6.5      -24.5    17:45:40.040     -28:59:11.50     809.825       2.46259       -3.55536      1.0069        4.09894       0.94394       0.670026      0.119978      65.469        5.17604       5.42604       0.971472      1             249          
7.5      -24.5    17:45:39.128     -28:59:11.49     680.317       3.01506       2.88212       0.93364       3.39457       0.654439      0.654556      0.115218      24.8337       5.32819       4.45306       0.783598      1             250          
8.5      -24.5    17:45:38.210     -28:59:11.49     478.296       2.67428       1.60502       0.837352      0.607884      1.03093       0.358833      0.180656      10.3718       16.8369       1.71628       0.864018      1             251          
9.5      -24.5    17:45:37.299     -28:59:11.49     292.477       2.58048       3.12721       1.03011       -0.667524     0.755407      1.0933        0.348769      -6.02467      6.89329       3.19766       1.01968       1             252          
10.5     -24.5    17:45:36.381     -28:59:11.49     249.965       3.28292       3.52583       0.952699      4.27434       1.04783       2.21667       0.405261      25.2407       5.13056       5.54089       1.01039       1             253          
11.5     -24.5    17:45:35.463     -28:59:11.47     212.464       2.3044        5.25434       0.946757      -1.42363      0.798517      2.56222       0.442063      -7.57999      4.26009       5.44379       0.937366      1             254          
-1.5     -23.5    17:45:47.357     -28:58:59.50     593.194       1.45051       7.42898       0.978322      4.39645       0.718988      1.45524       0.154816      15.3085       2.63642       8.63242       0.918119      1             255          
1.5      -23.5    17:45:44.610     -28:58:59.50     476.497       4.59676       1.69031       0.795307      4.09506       0.793323      0.929743      0.166793      33.7853       5.14099       4.4302        0.793612      1             256          
2.5      -23.5    17:45:43.698     -28:58:59.50     753.339       4.49479       -4.54259      0.873379      3.96632       1.08436       0.800502      0.128887      69.4372       4.74375       6.03049       0.970291      1             257          
3.5      -23.5    17:45:42.780     -28:58:59.50     404.05        2.00463       -5.86206      0.983812      0.860444      1.06197       1.46637       0.24402       85.8248       5.12714       5.92487       0.985524      1             258          
4.5      -23.5    17:45:41.869     -28:58:59.50     211.611       2.5227        -3.3883       1.07438       1.86007       0.908362      1.8266        0.491147      75.6173       7.03651       3.86528       1.0383        1             259          
5.5      -23.5    17:45:40.951     -28:58:59.50     259.945       2.45105       -3.45048      0.725366      6.27468       0.795764      2.75474       0.301179      59.4033       2.9697        7.16082       0.779985      1             260          
6.5      -23.5    17:45:40.040     -28:58:59.50     465.268       1.90415       -7.38218      0.977741      7.74783       1.04195       2.30011       0.217692      66.8078       2.70052       10.7017       1.0119        1             261          
7.5      -23.5    17:45:39.128     -28:58:59.49     425.219       2.3589        -2.81212      0.801992      7.17341       1.13234       1.81199       0.2575        55.7031       3.17309       7.70492       1.0941        1             262          
8.5      -23.5    17:45:38.210     -28:58:59.49     205.17        2.84882       1.11024       0.97229       3.65024       0.983774      1.8596        0.479717      36.5413       7.30788       3.81534       0.982807      1             263          
